{
  "timestamp": "2025-09-17_20-39-19",
  "frame_info": {
    "image_shape": [
      480,
      640,
      3
    ],
    "num_detections": 31
  },
  "camera_info": {
    "K": [
      [
        608.268,
        0.0,
        310.899
      ],
      [
        0.0,
        608.179,
        238.641
      ],
      [
        0.0,
        0.0,
        1.0
      ]
    ],
    "K_train": [
      [
        608.219957982,
        0.0,
        320.0
      ],
      [
        0.0,
        631.389475612,
        240.0
      ],
      [
        0.0,
        0.0,
        1.0
      ]
    ],
    "K_diag_ratio": 0.9811433677128489
  },
  "predictions": [
    {
      "detection_id": 0,
      "class_id": 0,
      "class_name": "cem_obj3",
      "rotation_matrix": [
        [
          -0.920086145401001,
          -0.38072824478149414,
          -0.09212656319141388
        ],
        [
          -0.26538389921188354,
          0.43287742137908936,
          0.8615036010742188
        ],
        [
          -0.28811925649642944,
          0.8171064853668213,
          -0.4993237257003784
        ]
      ],
      "translation_vector": [
        81.86467742919922,
        -79.97660064697266,
        224.97125244140625
      ],
      "confidence_score": 1.0,
      "bounding_box": [
        458.0,
        0.0,
        161.0,
        102.0
      ]
    },
    {
      "detection_id": 1,
      "class_id": 0,
      "class_name": "cem_obj3",
      "rotation_matrix": [
        [
          0.3416370749473572,
          0.1609250009059906,
          0.9259520769119263
        ],
        [
          0.9316418170928955,
          0.07179728150367737,
          -0.356214314699173
        ],
        [
          -0.12380459904670715,
          0.9843516945838928,
          -0.12539583444595337
        ]
      ],
      "translation_vector": [
        -26.297449111938477,
        -79.44413757324219,
        237.4369659423828
      ],
      "confidence_score": 1.0,
      "bounding_box": [
        176.0,
        0.0,
        113.0,
        151.0
      ]
    },
    {
      "detection_id": 2,
      "class_id": 0,
      "class_name": "cem_obj3",
      "rotation_matrix": [
        [
          0.801874577999115,
          -0.44763684272766113,
          0.3957502841949463
        ],
        [
          -0.04786904156208038,
          0.6120923161506653,
          0.7893361449241638
        ],
        [
          -0.5955716371536255,
          -0.6518928408622742,
          0.46939337253570557
        ]
      ],
      "translation_vector": [
        64.9798355102539,
        -16.479894638061523,
        225.47093200683594
      ],
      "confidence_score": 1.0,
      "bounding_box": [
        437.0,
        91.0,
        101.0,
        190.0
      ]
    },
    {
      "detection_id": 3,
      "class_id": 0,
      "class_name": "cem_obj3",
      "rotation_matrix": [
        [
          -0.2505607008934021,
          -0.9594644904136658,
          -0.12902478873729706
        ],
        [
          0.9679521322250366,
          -0.2506234347820282,
          -0.016016140580177307
        ],
        [
          -0.01696968823671341,
          -0.12890282273292542,
          0.9915120601654053
        ]
      ],
      "translation_vector": [
        52.89563751220703,
        66.68500518798828,
        363.9543762207031
      ],
      "confidence_score": 1.0,
      "bounding_box": [
        328.0,
        312.0,
        179.0,
        86.0
      ]
    },
    {
      "detection_id": 4,
      "class_id": 0,
      "class_name": "cem_obj3",
      "rotation_matrix": [
        [
          -0.6244336366653442,
          -0.4004800319671631,
          0.6705955862998962
        ],
        [
          -0.6822581887245178,
          -0.13833191990852356,
          -0.7179052829742432
        ],
        [
          0.3802714943885803,
          -0.9058035612106323,
          -0.18685169517993927
        ]
      ],
      "translation_vector": [
        80.92636108398438,
        71.92640686035156,
        249.9365997314453
      ],
      "confidence_score": 1.0,
      "bounding_box": [
        431.0,
        373.0,
        177.0,
        84.0
      ]
    },
    {
      "detection_id": 5,
      "class_id": 0,
      "class_name": "cem_obj3",
      "rotation_matrix": [
        [
          -0.01949293166399002,
          0.9888158440589905,
          0.1478622555732727
        ],
        [
          -0.9993337988853455,
          -0.023833071812987328,
          0.02763766050338745
        ],
        [
          0.030852578580379486,
          -0.147225022315979,
          0.988621711730957
        ]
      ],
      "translation_vector": [
        -124.59829711914062,
        49.2601203918457,
        379.0828552246094
      ],
      "confidence_score": 1.0,
      "bounding_box": [
        0.0,
        270.0,
        179.0,
        98.0
      ]
    },
    {
      "detection_id": 6,
      "class_id": 0,
      "class_name": "cem_obj3",
      "rotation_matrix": [
        [
          -0.6070893406867981,
          -0.24842548370361328,
          0.7548027038574219
        ],
        [
          -0.14478477835655212,
          0.9685562252998352,
          0.2023267149925232
        ],
        [
          -0.7813320755958557,
          0.013546466827392578,
          -0.6239684820175171
        ]
      ],
      "translation_vector": [
        59.67429733276367,
        -66.87152862548828,
        247.97096252441406
      ],
      "confidence_score": 1.0,
      "bounding_box": [
        382.0,
        7.0,
        160.0,
        148.0
      ]
    },
    {
      "detection_id": 7,
      "class_id": 0,
      "class_name": "cem_obj3",
      "rotation_matrix": [
        [
          -0.27501600980758667,
          -0.3899379372596741,
          0.8788143992424011
        ],
        [
          0.7030652165412903,
          0.541911780834198,
          0.46046826243400574
        ],
        [
          -0.6557939052581787,
          0.7444999814033508,
          0.12511739134788513
        ]
      ],
      "translation_vector": [
        131.0130615234375,
        64.15211486816406,
        299.24072265625
      ],
      "confidence_score": 1.0,
      "bounding_box": [
        510.0,
        314.0,
        130.0,
        106.0
      ]
    },
    {
      "detection_id": 8,
      "class_id": 0,
      "class_name": "cem_obj3",
      "rotation_matrix": [
        [
          -0.7905235290527344,
          0.007906004786491394,
          -0.6123805642127991
        ],
        [
          0.5990812182426453,
          -0.19765998423099518,
          -0.7759073376655579
        ],
        [
          -0.12717744708061218,
          -0.9802387952804565,
          0.1515185385942459
        ]
      ],
      "translation_vector": [
        -59.313331604003906,
        89.10012817382812,
        257.2183837890625
      ],
      "confidence_score": 1.0,
      "bounding_box": [
        73.0,
        378.0,
        165.0,
        102.0
      ]
    },
    {
      "detection_id": 9,
      "class_id": 0,
      "class_name": "cem_obj3",
      "rotation_matrix": [
        [
          0.05026096850633621,
          0.9957022666931152,
          -0.07778848707675934
        ],
        [
          -0.9964390397071838,
          0.05527258291840553,
          0.0636732429265976
        ],
        [
          0.06769917905330658,
          0.0743112564086914,
          0.9949344396591187
        ]
      ],
      "translation_vector": [
        -98.10600280761719,
        -52.42094802856445,
        284.45111083984375
      ],
      "confidence_score": 1.0,
      "bounding_box": [
        28.0,
        64.0,
        130.0,
        166.0
      ]
    },
    {
      "detection_id": 10,
      "class_id": 0,
      "class_name": "cem_obj3",
      "rotation_matrix": [
        [
          -0.9133052825927734,
          -0.3629641830921173,
          -0.18474429845809937
        ],
        [
          0.3912183344364166,
          -0.9079623818397522,
          -0.1501743048429489
        ],
        [
          -0.11323300004005432,
          -0.20943033695220947,
          0.9712451100349426
        ]
      ],
      "translation_vector": [
        38.597572326660156,
        -18.885406494140625,
        336.4969787597656
      ],
      "confidence_score": 1.0,
      "bounding_box": [
        289.0,
        154.0,
        187.0,
        136.0
      ]
    },
    {
      "detection_id": 11,
      "class_id": 0,
      "class_name": "cem_obj3",
      "rotation_matrix": [
        [
          0.13366563618183136,
          0.9686372876167297,
          0.20946411788463593
        ],
        [
          -0.990953266620636,
          0.1280679702758789,
          0.04012620449066162
        ],
        [
          0.012042082846164703,
          -0.21293264627456665,
          0.9769927263259888
        ]
      ],
      "translation_vector": [
        -24.381750106811523,
        -34.01071548461914,
        362.4112854003906
      ],
      "confidence_score": 1.0,
      "bounding_box": [
        159.0,
        119.0,
        188.0,
        119.0
      ]
    },
    {
      "detection_id": 12,
      "class_id": 0,
      "class_name": "cem_obj3",
      "rotation_matrix": [
        [
          0.9149103760719299,
          0.3975854814052582,
          0.06974810361862183
        ],
        [
          -0.4032929241657257,
          0.9076734781265259,
          0.1161196231842041
        ],
        [
          -0.01714102178812027,
          -0.1343679577112198,
          0.9907832741737366
        ]
      ],
      "translation_vector": [
        -69.66961669921875,
        -80.56114959716797,
        376.54522705078125
      ],
      "confidence_score": 1.0,
      "bounding_box": [
        100.0,
        50.0,
        162.0,
        98.0
      ]
    },
    {
      "detection_id": 13,
      "class_id": 0,
      "class_name": "cem_obj3",
      "rotation_matrix": [
        [
          0.32833465933799744,
          -0.887994647026062,
          -0.3219655156135559
        ],
        [
          0.9243870377540588,
          0.23200659453868866,
          0.3027893900871277
        ],
        [
          -0.19417721033096313,
          -0.39703699946403503,
          0.8970267176628113
        ]
      ],
      "translation_vector": [
        -36.21808624267578,
        37.25939178466797,
        281.0849914550781
      ],
      "confidence_score": 1.0,
      "bounding_box": [
        179.0,
        197.0,
        119.0,
        201.0
      ]
    },
    {
      "detection_id": 14,
      "class_id": 0,
      "class_name": "cem_obj3",
      "rotation_matrix": [
        [
          0.16751886904239655,
          -0.9646438956260681,
          -0.20346903800964355
        ],
        [
          0.521256685256958,
          -0.08851312845945358,
          0.8487973213195801
        ],
        [
          -0.836796760559082,
          -0.24824917316436768,
          0.48799943923950195
        ]
      ],
      "translation_vector": [
        40.462188720703125,
        -44.09192657470703,
        261.205322265625
      ],
      "confidence_score": 1.0,
      "bounding_box": [
        342.0,
        47.0,
        115.0,
        174.0
      ]
    },
    {
      "detection_id": 15,
      "class_id": 0,
      "class_name": "cem_obj3",
      "rotation_matrix": [
        [
          -0.17857438325881958,
          -0.8632773756980896,
          -0.4720839262008667
        ],
        [
          0.9576038718223572,
          -0.26272380352020264,
          0.1181994080543518
        ],
        [
          -0.22606661915779114,
          -0.4309619665145874,
          0.8735934495925903
        ]
      ],
      "translation_vector": [
        -61.58415603637695,
        103.41389465332031,
        305.2610168457031
      ],
      "confidence_score": 1.0,
      "bounding_box": [
        109.0,
        406.0,
        191.0,
        74.0
      ]
    },
    {
      "detection_id": 16,
      "class_id": 0,
      "class_name": "cem_obj3",
      "rotation_matrix": [
        [
          0.27072083950042725,
          -0.960473358631134,
          0.0648157000541687
        ],
        [
          0.8961824178695679,
          0.27604058384895325,
          0.34735965728759766
        ],
        [
          -0.35152146220207214,
          -0.035950809717178345,
          0.9354892373085022
        ]
      ],
      "translation_vector": [
        -131.93104553222656,
        25.11237144470215,
        380.7553405761719
      ],
      "confidence_score": 1.0,
      "bounding_box": [
        24.0,
        223.0,
        185.0,
        92.0
      ]
    },
    {
      "detection_id": 17,
      "class_id": 0,
      "class_name": "cem_obj3",
      "rotation_matrix": [
        [
          -0.20250658690929413,
          -0.9745758771896362,
          -0.09588009119033813
        ],
        [
          0.9792758226394653,
          -0.20184853672981262,
          -0.016615599393844604
        ],
        [
          -0.0031600743532180786,
          -0.09725780785083771,
          0.9952542185783386
        ]
      ],
      "translation_vector": [
        77.74022674560547,
        117.10533905029297,
        382.1651611328125
      ],
      "confidence_score": 1.0,
      "bounding_box": [
        361.0,
        380.0,
        190.0,
        88.0
      ]
    },
    {
      "detection_id": 18,
      "class_id": 0,
      "class_name": "cem_obj3",
      "rotation_matrix": [
        [
          -0.006838758010417223,
          -0.9894242286682129,
          -0.14489024877548218
        ],
        [
          0.9999706745147705,
          -0.007266223430633545,
          0.0024212757125496864
        ],
        [
          -0.0034484732896089554,
          -0.14486944675445557,
          0.9894448518753052
        ]
      ],
      "translation_vector": [
        71.80906677246094,
        -3.4864399433135986,
        361.9412536621094
      ],
      "confidence_score": 1.0,
      "bounding_box": [
        360.0,
        156.0,
        188.0,
        152.0
      ]
    },
    {
      "detection_id": 19,
      "class_id": 0,
      "class_name": "cem_obj3",
      "rotation_matrix": [
        [
          0.006278596818447113,
          0.9844797849655151,
          0.1753852367401123
        ],
        [
          -0.9976874589920044,
          -0.0057029277086257935,
          0.06772801280021667
        ],
        [
          0.0676770731806755,
          -0.1754048466682434,
          0.9821674823760986
        ]
      ],
      "translation_vector": [
        -166.1470947265625,
        -54.9691276550293,
        396.205078125
      ],
      "confidence_score": 1.0,
      "bounding_box": [
        0.0,
        113.0,
        117.0,
        74.0
      ]
    },
    {
      "detection_id": 20,
      "class_id": 0,
      "class_name": "cem_obj3",
      "rotation_matrix": [
        [
          -0.37291252613067627,
          0.9128026366233826,
          0.16651621460914612
        ],
        [
          0.8329806327819824,
          0.4084007143974304,
          -0.3732990026473999
        ],
        [
          -0.4087536036968231,
          -0.0005030930042266846,
          -0.9126446843147278
        ]
      ],
      "translation_vector": [
        15.088204383850098,
        -96.65409851074219,
        263.8049621582031
      ],
      "confidence_score": 1.0,
      "bounding_box": [
        237.0,
        0.0,
        184.0,
        73.0
      ]
    },
    {
      "detection_id": 21,
      "class_id": 0,
      "class_name": "cem_obj3",
      "rotation_matrix": [
        [
          -0.2120264172554016,
          0.9562288522720337,
          0.20167118310928345
        ],
        [
          -0.9771411418914795,
          -0.21070826053619385,
          -0.028236180543899536
        ],
        [
          0.015493541955947876,
          -0.20304803550243378,
          0.9790462255477905
        ]
      ],
      "translation_vector": [
        18.59825897216797,
        57.63216018676758,
        361.9782409667969
      ],
      "confidence_score": 1.0,
      "bounding_box": [
        245.0,
        282.0,
        182.0,
        115.0
      ]
    },
    {
      "detection_id": 22,
      "class_id": 0,
      "class_name": "cem_obj3",
      "rotation_matrix": [
        [
          0.8004302978515625,
          -0.5973066091537476,
          -0.05036059021949768
        ],
        [
          0.5985183119773865,
          0.801014244556427,
          0.012333396822214127
        ],
        [
          0.03297272324562073,
          -0.04001377522945404,
          0.9986549615859985
        ]
      ],
      "translation_vector": [
        184.88217163085938,
        -12.562655448913574,
        397.414794921875
      ],
      "confidence_score": 1.0,
      "bounding_box": [
        544.0,
        132.0,
        96.0,
        152.0
      ]
    },
    {
      "detection_id": 23,
      "class_id": 0,
      "class_name": "cem_obj3",
      "rotation_matrix": [
        [
          0.6936823129653931,
          0.2216208577156067,
          -0.6853387355804443
        ],
        [
          -0.22233626246452332,
          0.9709066152572632,
          0.08892302215099335
        ],
        [
          0.6851069927215576,
          0.09069132804870605,
          0.7227749228477478
        ]
      ],
      "translation_vector": [
        99.42362976074219,
        41.04325866699219,
        270.4506530761719
      ],
      "confidence_score": 1.0,
      "bounding_box": [
        446.0,
        284.0,
        190.0,
        85.0
      ]
    },
    {
      "detection_id": 24,
      "class_id": 0,
      "class_name": "cem_obj3",
      "rotation_matrix": [
        [
          0.7551017999649048,
          -0.6553802490234375,
          0.017258942127227783
        ],
        [
          0.6449936032295227,
          0.7473374605178833,
          0.15959274768829346
        ],
        [
          -0.1174921989440918,
          -0.10937687009572983,
          0.9870320558547974
        ]
      ],
      "translation_vector": [
        4.688100337982178,
        32.824913024902344,
        263.0440673828125
      ],
      "confidence_score": 1.0,
      "bounding_box": [
        239.0,
        217.0,
        188.0,
        152.0
      ]
    },
    {
      "detection_id": 25,
      "class_id": 0,
      "class_name": "cem_obj3",
      "rotation_matrix": [
        [
          -0.2002786099910736,
          -0.6376416683197021,
          -0.7438424825668335
        ],
        [
          0.9797354340553284,
          -0.13236503303050995,
          -0.1503256857395172
        ],
        [
          -0.0026048310101032257,
          -0.758875846862793,
          0.6512300372123718
        ]
      ],
      "translation_vector": [
        -96.13878631591797,
        -2.2208406925201416,
        252.2230682373047
      ],
      "confidence_score": 1.0,
      "bounding_box": [
        10.0,
        185.0,
        202.0,
        80.0
      ]
    },
    {
      "detection_id": 26,
      "class_id": 0,
      "class_name": "cem_obj3",
      "rotation_matrix": [
        [
          0.5877204537391663,
          -0.7718765735626221,
          -0.24246907234191895
        ],
        [
          0.7533003687858582,
          0.6313952207565308,
          -0.1840612143278122
        ],
        [
          0.29516634345054626,
          -0.07447551935911179,
          0.952538788318634
        ]
      ],
      "translation_vector": [
        39.115379333496094,
        -12.973033905029297,
        332.5210876464844
      ],
      "confidence_score": 1.0,
      "bounding_box": [
        293.0,
        146.0,
        212.0,
        122.0
      ]
    },
    {
      "detection_id": 27,
      "class_id": 0,
      "class_name": "cem_obj3",
      "rotation_matrix": [
        [
          0.9774438738822937,
          -0.07502684742212296,
          0.19741947948932648
        ],
        [
          0.02283472567796707,
          0.9668354988098145,
          0.25437694787979126
        ],
        [
          -0.20995724201202393,
          -0.2441311627626419,
          0.9467406868934631
        ]
      ],
      "translation_vector": [
        -41.543460845947266,
        -49.49242401123047,
        286.60333251953125
      ],
      "confidence_score": 1.0,
      "bounding_box": [
        142.0,
        33.0,
        147.0,
        179.0
      ]
    },
    {
      "detection_id": 28,
      "class_id": 0,
      "class_name": "cem_obj3",
      "rotation_matrix": [
        [
          0.9291552901268005,
          -0.36386263370513916,
          -0.06537891924381256
        ],
        [
          0.3696725368499756,
          0.912769079208374,
          0.17376676201820374
        ],
        [
          -0.0035514235496520996,
          -0.1856250911951065,
          0.9826141595840454
        ]
      ],
      "translation_vector": [
        -150.9195098876953,
        -140.796875,
        402.3633117675781
      ],
      "confidence_score": 1.0,
      "bounding_box": [
        33.0,
        0.0,
        100.0,
        95.0
      ]
    },
    {
      "detection_id": 29,
      "class_id": 0,
      "class_name": "cem_obj3",
      "rotation_matrix": [
        [
          0.041509710252285004,
          0.9968767762184143,
          -0.06718593090772629
        ],
        [
          -0.8299470543861389,
          -0.003037216141819954,
          -0.5578339695930481
        ],
        [
          -0.5562956929206848,
          0.07891629636287689,
          0.8272287845611572
        ]
      ],
      "translation_vector": [
        -8.293349266052246,
        122.95211029052734,
        368.93292236328125
      ],
      "confidence_score": 1.0,
      "bounding_box": [
        164.0,
        380.0,
        204.0,
        100.0
      ]
    },
    {
      "detection_id": 30,
      "class_id": 0,
      "class_name": "cem_obj3",
      "rotation_matrix": [
        [
          -0.006021823734045029,
          0.9822661280632019,
          0.1873951107263565
        ],
        [
          -0.9991688132286072,
          -0.01346580684185028,
          0.03847585618495941
        ],
        [
          0.04031694680452347,
          -0.18700766563415527,
          0.9815307855606079
        ]
      ],
      "translation_vector": [
        -75.45326232910156,
        -29.462678909301758,
        371.5632629394531
      ],
      "confidence_score": 1.0,
      "bounding_box": [
        93.0,
        102.0,
        150.0,
        172.0
      ]
    }
  ]
}