{
    "0": [
        {
            "cam_R_m2c": [
                -0.9475713968276978,
                0.28907808661460876,
                0.13616986572742462,
                0.2637846767902374,
                0.9481558799743652,
                -0.17725135385990143,
                -0.18034975230693817,
                -0.13203878700733185,
                -0.974699854850769
            ],
            "cam_t_m2c": [
                -95.35531616210938,
                -26.455829620361328,
                358.68438720703125
            ],
            "obj_bb": [
                129.0,
                159.0,
                50.0,
                67.0
            ],
            "obj_id": 2
        },
        {
            "cam_R_m2c": [
                -0.9844740033149719,
                -0.16303972899913788,
                -0.06503187119960785,
                -0.14282329380512238,
                0.9594053030014038,
                -0.24319373071193695,
                0.10204215347766876,
                -0.23012982308864594,
                -0.9677953124046326
            ],
            "cam_t_m2c": [
                46.86582833528519,
                -61.87770888209343,
                345.41308879852295
            ],
            "obj_bb": [
                366.0,
                93.0,
                48.0,
                68.0
            ],
            "obj_id": 2
        },
        {
            "cam_R_m2c": [
                -0.8650363683700562,
                0.457243412733078,
                -0.20649564266204834,
                0.4975458085536957,
                0.7289148569107056,
                -0.47024592757225037,
                -0.16449910998344421,
                -0.5095208883285522,
                -0.8580374717712402
            ],
            "cam_t_m2c": [
                0.537868857383728,
                55.488929748535156,
                339.9632873535156
            ],
            "obj_bb": [
                287.0,
                305.0,
                57.0,
                68.0
            ],
            "obj_id": 2
        },
        {
            "cam_R_m2c": [
                -0.9461324214935303,
                -0.27444887161254883,
                0.12222892587184906,
                -0.29800671339035034,
                0.9455846548080444,
                -0.13062021136283875,
                -0.1265927255153656,
                -0.17477834224700928,
                -0.9764358997344971
            ],
            "cam_t_m2c": [
                -85.29576873779297,
                7.0572357177734375,
                359.07586669921875
            ],
            "obj_bb": [
                135.0,
                216.0,
                57.0,
                65.0
            ],
            "obj_id": 2
        }
    ],
    "1": [
        {
            "cam_R_m2c": [
                0.9904589056968689,
                -0.12258012592792511,
                -0.06297050416469574,
                -0.10717539489269257,
                -0.9724154472351074,
                0.2071758359670639,
                -0.08662912249565125,
                -0.1984502524137497,
                -0.9762750864028931
            ],
            "cam_t_m2c": [
                74.01835632324219,
                -38.36296463012695,
                351.4224853515625
            ],
            "obj_bb": [
                411.0,
                100.0,
                48.0,
                62.0
            ],
            "obj_id": 2
        },
        {
            "cam_R_m2c": [
                0.8460516929626465,
                0.018509089946746826,
                0.5327793955802917,
                0.000014843058586121,
                0.04848325252532959,
                -0.8456793427467346,
                -0.04148358106613159,
                0.9986523985862732,
                0.031182050704956055
            ],
            "cam_t_m2c": [
                153.0928192138672,
                -87.8187255859375,
                358.53070068359375
            ],
            "obj_bb": [
                538.0,
                68.0,
                59.0,
                50.0
            ],
            "obj_id": 2
        },
        {
            "cam_R_m2c": [
                0.2842961549758911,
                0.9338403940200806,
                -0.21706639230251312,
                0.8576995372772217,
                -0.28714168071746826,
                0.019007235765457153,
                -0.044579073786735535,
                -0.2132880687713623,
                -0.9759716987609863
            ],
            "cam_t_m2c": [
                40.223899841308594,
                4.163300037384033,
                355.1946105957031
            ],
            "obj_bb": [
                346.0,
                216.0,
                64.0,
                49.0
            ],
            "obj_id": 2
        },
        {
            "cam_R_m2c": [
                0.9979413747787476,
                -0.03192291408777237,
                0.055623386055231094,
                -0.052562564611434937,
                -0.040502309799194,
                0.241820275783539,
                0.36745209246873856,
                -0.4262324869632721,
                -0.9038670063018799
            ],
            "cam_t_m2c": [
                -16.74519920349121,
                8.583399772644043,
                345.2074890136719
            ],
            "obj_bb": [
                256.0,
                220.0,
                49.0,
                67.0
            ],
            "obj_id": 2
        }
    ],
    "2": [
        {
            "cam_R_m2c": [
                0.9592018723487854,
                -0.27757683396339417,
                -0.053691379725933075,
                -0.2606334686279297,
                -0.9417581558227539,
                0.2125129997730255,
                -0.10955296456813812,
                -0.1898491084575653,
                -0.9756820797920227
            ],
            "cam_t_m2c": [
                80.7698667049408,
                -87.8368715941906,
                349.7178852558136
            ],
            "obj_bb": [
                422.0,
                107.0,
                48.0,
                66.0
            ],
            "obj_id": 2
        },
        {
            "cam_R_m2c": [
                0.5001992583274841,
                0.8297989964485168,
                -0.2474559247493744,
                0.8589074015617371,
                -0.5117343664169312,
                0.020158417522907257,
                -0.1099042296409607,
                -0.22262492775917053,
                -0.9686896800994873
            ],
            "cam_t_m2c": [
                21.152196884155273,
                37.889076232910156,
                358.4564514160156
            ],
            "obj_bb": [
                316.0,
                270.0,
                64.0,
                59.0
            ],
            "obj_id": 2
        },
        {
            "cam_R_m2c": [
                -0.08730137348175049,
                0.9693892598152161,
                -0.22948336601257324,
                0.9954677224159241,
                0.07617247104644775,
                -0.05693323165178299,
                -0.037710197269916534,
                -0.2334136962890625,
                -0.9716455936431885
            ],
            "cam_t_m2c": [
                16.49552345275879,
                2.4491384029388428,
                355.8638000488281
            ],
            "obj_bb": [
                305.0,
                221.0,
                62.0,
                46.0
            ],
            "obj_id": 2
        },
        {
            "cam_R_m2c": [
                -0.8135455846786499,
                0.5728987455368042,
                0.09965308010578156,
                -0.5803695917129517,
                -0.106367588043213,
                -0.07771262526512146,
                0.036260977387428284,
                -0.1210583746433258,
                0.9919828772544861
            ],
            "cam_t_m2c": [
                -3.0391268730163574,
                26.908966064453125,
                355.64990234375
            ],
            "obj_bb": [
                289.0,
                251.0,
                49.0,
                53.0
            ],
            "obj_id": 2
        }
    ],
    "3": [
        {
            "cam_R_m2c": [
                0.9930887818336487,
                -0.0427078902721405,
                0.10931915789842606,
                -0.06284033507108688,
                -0.9801687002182007,
                0.18793676793575287,
                0.09912484139204025,
                -0.19350753724575043,
                -0.9760782718658447
            ],
            "cam_t_m2c": [
                -31.614900588989258,
                -16.271299362182617,
                357.3310852050781
            ],
            "obj_bb": [
                231.0,
                183.0,
                47.0,
                62.0
            ],
            "obj_id": 2
        },
        {
            "cam_R_m2c": [
                -0.8918980360031128,
                -0.4468572735786438,
                0.6954152882099152,
                -0.45125293731689453,
                0.692403435707092,
                -0.20197027921676636,
                0.029803596436977386,
                -0.21151775121688843,
                -0.76919412612915
            ],
            "cam_t_m2c": [
                -14.046099662780762,
                3.5857999324798584,
                358.70989990234375
            ],
            "obj_bb": [
                256.0,
                211.0,
                55.0,
                64.0
            ],
            "obj_id": 0
        },
        {
            "cam_R_m2c": [
                0.08520668745040894,
                -0.9754171371459961,
                0.20322786271572113,
                -0.9830837249755859,
                -0.1154944896697998,
                -0.1421542465686798,
                0.16213132441043854,
                -0.18767744302749634,
                -0.687575101852417
            ],
            "cam_t_m2c": [
                -0.21419110894203186,
                35.938697814941406,
                358.01251220703125
            ],
            "obj_bb": [
                283.0,
                274.0,
                62.0,
                46.0
            ],
            "obj_id": 1
        }
    ],
    "4": [
        {
            "cam_R_m2c": [
                -0.4632661044597626,
                -0.015831341966986656,
                0.8860778212547302,
                -0.8860766291618347,
                -0.009661135263741016,
                -0.46343812346458435,
                0.015897365286946297,
                -0.999828040599823,
                -0.009552102535963058
            ],
            "cam_t_m2c": [
                -17.397606745362282,
                -22.716274484992027,
                351.0723412036896
            ],
            "obj_bb": [
                254.0,
                172.0,
                50.0,
                50.0
            ],
            "obj_id": 2
        },
        {
            "cam_R_m2c": [
                -0.3655993938446045,
                0.004645437002182007,
                0.93076092004776,
                -0.9307723045349121,
                -0.002400994300842285,
                -0.365591824054718,
                0.0005363225936889648,
                -0.999986469745636,
                0.005201458930969238
            ],
            "cam_t_m2c": [
                30.15873908996582,
                -10.669400215148926,
                350.3570861816406
            ],
            "obj_bb": [
                341.0,
                193.0,
                50.0,
                50.0
            ],
            "obj_id": 2
        },
        {
            "cam_R_m2c": [
                -0.062200505286455154,
                0.9703995585441589,
                -0.23335744440555573,
                0.9915809035301208,
                0.08668919652700424,
                0.09618861228227615,
                0.11357095092535019,
                -0.22540980577468872,
                -0.9676218628883362
            ],
            "cam_t_m2c": [
                35.69331765174866,
                -59.936024248600006,
                349.9768376350403
            ],
            "obj_bb": [
                339.0,
                111.0,
                60.0,
                47.0
            ],
            "obj_id": 2
        }
    ],
    "5": [
        {
            "cam_R_m2c": [
                -0.9561948776245117,
                -0.27418357133865356,
                0.10254167020320892,
                -0.28769561648368835,
                0.9448969960212708,
                -0.15620757639408112,
                -0.05406177416443825,
                -0.17886567115783691,
                -0.9823870062828064
            ],
            "cam_t_m2c": [
                -44.73103582859039,
                9.37274843454361,
                358.46230387687683
            ],
            "obj_bb": [
                207.0,
                219.0,
                47.0,
                65.0
            ],
            "obj_id": 2
        },
        {
            "cam_R_m2c": [
                -0.8194184303283691,
                0.5374924540519714,
                -0.19913509488105774,
                0.5654569268226624,
                0.8148993849754333,
                -0.12726883590221405,
                0.09386902302503586,
                -0.21688880026340485,
                -0.9716724157333374
            ],
            "cam_t_m2c": [
                52.019500732421875,
                28.890899658203125,
                355.69061279296875
            ],
            "obj_bb": [
                373.0,
                256.0,
                59.0,
                64.0
            ],
            "obj_id": 3
        },
        {
            "cam_R_m2c": [
                -0.296322226524353,
                0.9243986010551453,
                -0.2401679903268814,
                0.952470600605011,
                0.3046187162399292,
                -0.0027017593383789062,
                0.07066218554973602,
                -0.22955352067947388,
                -0.9707279205322266
            ],
            "cam_t_m2c": [
                -41.09049987792969,
                -52.21260070800781,
                359.75030517578125
            ],
            "obj_bb": [
                206.0,
                130.0,
                66.0,
                50.0
            ],
            "obj_id": 2
        }
    ],
    "6": [
        {
            "cam_R_m2c": [
                -0.40290188789367676,
                -0.8922908306121826,
                0.20368289947509766,
                -0.9140443801879883,
                0.40366965532302856,
                -0.03966790437698364,
                -0.04682528227567673,
                -0.20215752720832825,
                -0.978232741355896
            ],
            "cam_t_m2c": [
                42.41167449951172,
                -62.108577728271484,
                345.4314270019531
            ],
            "obj_bb": [
                352.0,
                107.0,
                68.0,
                54.0
            ],
            "obj_id": 2
        },
        {
            "cam_R_m2c": [
                0.025127887725830078,
                0.972069501876831,
                -0.2333439439535141,
                0.9978861808776855,
                -0.010396361351013184,
                0.06414913386106491,
                0.05993150174617767,
                -0.23446261882781982,
                -0.9702759981155396
            ],
            "cam_t_m2c": [
                85.56388092041016,
                -35.795127868652344,
                345.27392578125
            ],
            "obj_bb": [
                427.0,
                150.0,
                63.0,
                48.0
            ],
            "obj_id": 2
        },
        {
            "cam_R_m2c": [
                -0.932009220123291,
                0.31813132762908936,
                -0.17364078760147095,
                0.34857964515686035,
                0.9180092215538025,
                -0.18908001482486725,
                0.09925156831741333,
                -0.236751988530159,
                -0.9664871692657471
            ],
            "cam_t_m2c": [
                39.25649642944336,
                -17.38520050048828,
                345.2398986816406
            ],
            "obj_bb": [
                357.0,
                173.0,
                53.0,
                66.0
            ],
            "obj_id": 2
        },
        {
            "cam_R_m2c": [
                0.9586783647537231,
                -0.26275646686553955,
                -0.10906387120485306,
                -0.20727486908435822,
                -0.9076966047286987,
                0.3648616671562195,
                -0.19486665725708008,
                -0.3271787762641907,
                -0.9246518611907959
            ],
            "cam_t_m2c": [
                142.39181578159332,
                35.82648187875748,
                350.8732318878174
            ],
            "obj_bb": [
                529.0,
                268.0,
                53.0,
                68.0
            ],
            "obj_id": 2
        }
    ],
    "7": [
        {
            "cam_R_m2c": [
                -0.19583819806575775,
                -0.9638333320617676,
                0.18075598776340485,
                -0.9803047180175781,
                0.18762525916099548,
                -0.061639148741960526,
                0.02549547515809536,
                -0.18926724791526794,
                -0.9815945625305176
            ],
            "cam_t_m2c": [
                3.213014919310808,
                -15.570378862321377,
                343.82364153862
            ],
            "obj_bb": [
                287.0,
                192.0,
                65.0,
                46.0
            ],
            "obj_id": 2
        },
        {
            "cam_R_m2c": [
                0.029404282569885254,
                0.9713968634605408,
                -0.23563383519649506,
                0.9988568425178528,
                -0.01966726779937744,
                0.04356708377599716,
                0.03768666088581085,
                -0.23664551973342896,
                -0.9708647727966309
            ],
            "cam_t_m2c": [
                85.41120147705078,
                -35.6986083984375,
                341.7510986328125
            ],
            "obj_bb": [
                427.0,
                150.0,
                63.0,
                47.0
            ],
            "obj_id": 2
        },
        {
            "cam_R_m2c": [
                -0.3053682744503021,
                -0.9388987421989441,
                0.1588057279586792,
                -0.9464757442474365,
                0.28095781803131104,
                -0.1588907241821289,
                0.1045645922422409,
                -0.19882595539093018,
                -0.9744406342506409
            ],
            "cam_t_m2c": [
                4.532486665993929,
                39.738018065690994,
                346.926212310791
            ],
            "obj_bb": [
                288.0,
                287.0,
                65.0,
                51.0
            ],
            "obj_id": 2
        },
        {
            "cam_R_m2c": [
                0.9580155611038208,
                -0.2546665668487549,
                -0.1317238211631775,
                -0.18874293565750122,
                -0.9059940576553345,
                0.3788813650608063,
                -0.21582940220832825,
                -0.33811232447624207,
                -0.9160228967666626
            ],
            "cam_t_m2c": [
                137.79518127441406,
                34.957298278808594,
                340.7186584472656
            ],
            "obj_bb": [
                529.0,
                268.0,
                53.0,
                68.0
            ],
            "obj_id": 2
        }
    ],
    "8": [
        {
            "cam_R_m2c": [
                -0.9953947067260742,
                -0.04412136226892471,
                0.0851050317287445,
                0.08566782623529434,
                -0.011022448539733887,
                0.9962628483772278,
                -0.043018415570259094,
                0.9989654421806335,
                0.014751315116882324
            ],
            "cam_t_m2c": [
                52.38459777832031,
                56.24639892578125,
                420.789794921875
            ],
            "obj_bb": [
                363.0,
                301.0,
                39.0,
                36.0
            ],
            "obj_id": 2
        },
        {
            "cam_R_m2c": [
                0.6582397222518921,
                -0.7500214576721191,
                0.06471673399209976,
                -0.7431384325027466,
                -0.6336444616317749,
                0.2150353342294693,
                -0.12027371674776077,
                -0.18963830173015594,
                -0.9744597673416138
            ],
            "cam_t_m2c": [
                129.27999877929688,
                -92.76807403564453,
                420.8295593261719
            ],
            "obj_bb": [
                468.0,
                75.0,
                56.0,
                52.0
            ],
            "obj_id": 2
        },
        {
            "cam_R_m2c": [
                0.7693658471107483,
                -0.6285111308097839,
                0.11423636972904205,
                -0.6388077139854431,
                -0.7566980123519897,
                0.13904346525669098,
                -0.0009479522705078125,
                -0.17995037138462067,
                -0.9836753606796265
            ],
            "cam_t_m2c": [
                -17.76490020751953,
                -96.05000305175781,
                418.2181091308594
            ],
            "obj_bb": [
                258.0,
                72.0,
                51.0,
                56.0
            ],
            "obj_id": 2
        },
        {
            "cam_R_m2c": [
                -0.057820986956357956,
                -0.9805787205696106,
                0.1874087005853653,
                -0.9982975125312805,
                0.05534926801919937,
                -0.018399519845843315,
                0.007669237442314625,
                -0.18815352022647858,
                -0.9821096658706665
            ],
            "cam_t_m2c": [
                -65.53369760513306,
                -59.11392718553543,
                417.5979197025299
            ],
            "obj_bb": [
                193.0,
                133.0,
                51.0,
                39.0
            ],
            "obj_id": 2
        }
    ],
    "9": [
        {
            "cam_R_m2c": [
                -0.7297945022583008,
                0.6598706841468811,
                -0.17880335450172424,
                0.6832242608070374,
                0.7133438587188721,
                -0.1560293287038803,
                0.024589091539382935,
                -0.2360321432352066,
                -0.9714341163635254
            ],
            "cam_t_m2c": [
                -69.89700317382812,
                -66.28230285644531,
                362.2889099121094
            ],
            "obj_bb": [
                165.0,
                97.0,
                63.0,
                64.0
            ],
            "obj_id": 2
        },
        {
            "cam_R_m2c": [
                0.8209053874015808,
                -0.568909764289856,
                -0.049558594822883606,
                -0.5396335124969482,
                -0.8011908531188965,
                0.2586285471916199,
                -0.1868422031402588,
                -0.18556606769561768,
                -0.9647046327590942
            ],
            "cam_t_m2c": [
                135.80348205566406,
                -24.25550079345703,
                362.8046875
            ],
            "obj_bb": [
                504.0,
                165.0,
                59.0,
                65.0
            ],
            "obj_id": 2
        },
        {
            "cam_R_m2c": [
                0.431995153427124,
                -0.8708980679512024,
                0.23434339463710785,
                -0.8926629424095154,
                -0.4499412775039673,
                -0.02657126635313034,
                0.12858159840106964,
                -0.19771099090576172,
                -0.9717909097671509
            ],
            "cam_t_m2c": [
                -18.710100173950195,
                26.054800033569336,
                362.53448486328125
            ],
            "obj_bb": [
                248.0,
                252.0,
                64.0,
                54.0
            ],
            "obj_id": 2
        },
        {
            "cam_R_m2c": [
                -0.13946175575256348,
                -0.9727686047554016,
                0.18512630462646484,
                -0.9818532466888428,
                0.11158187687397003,
                -0.15334194898605347,
                0.1285094916820526,
                -0.20315220952033997,
                -0.9706773161888123
            ],
            "cam_t_m2c": [
                -75.68728178739548,
                31.423572450876236,
                358.21598768234253
            ],
            "obj_bb": [
                155.0,
                272.0,
                61.0,
                45.0
            ],
            "obj_id": 2
        }
    ],
    "10": [
        {
            "cam_R_m2c": [
                0.4050408601760864,
                -0.8815086483955383,
                0.24266080558300018,
                -0.8991913199424744,
                -0.4321098327636719,
                -0.06881798803806305,
                0.16551978886127472,
                -0.19032441079616547,
                -0.9676671028137207
            ],
            "cam_t_m2c": [
                -32.44820022583008,
                54.29159927368164,
                359.5085144042969
            ],
            "obj_bb": [
                226.0,
                299.0,
                61.0,
                54.0
            ],
            "obj_id": 2
        },
        {
            "cam_R_m2c": [
                0.8159958720207214,
                0.5432314276695251,
                -0.1976117193698883,
                0.569263756275177,
                -0.8145713806152344,
                0.11141170561313629,
                -0.10044649243354797,
                -0.20340467989444733,
                -0.9739289283752441
            ],
            "cam_t_m2c": [
                12.677939414978027,
                46.175899505615234,
                363.5321044921875
            ],
            "obj_bb": [
                306.0,
                283.0,
                53.0,
                64.0
            ],
            "obj_id": 2
        },
        {
            "cam_R_m2c": [
                -0.1970052719116211,
                -0.9576833844184875,
                0.2098361998796463,
                -0.9803959727287292,
                0.19166910648345947,
                -0.04567854851484299,
                0.0035264939069747925,
                -0.21472150087356567,
                -0.9766688346862793
            ],
            "cam_t_m2c": [
                68.62141418457031,
                -39.626075744628906,
                363.2973937988281
            ],
            "obj_bb": [
                395.0,
                154.0,
                66.0,
                46.0
            ],
            "obj_id": 2
        },
        {
            "cam_R_m2c": [
                0.8651633858680725,
                -0.4972696602344513,
                -0.06492485105991364,
                -0.46789535880088806,
                -0.8470004796981812,
                0.2523176670074463,
                -0.18046128749847412,
                -0.18791796267032623,
                -0.9654639959335327
            ],
            "cam_t_m2c": [
                141.1552734375,
                -25.626863479614258,
                362.4359436035156
            ],
            "obj_bb": [
                516.0,
                163.0,
                54.0,
                66.0
            ],
            "obj_id": 2
        }
    ]
}