{
    "7596": [
        {
            "cam_R_m2c": [
                0.978878378868103,
                0.14655184745788574,
                -0.14254750311374664,
                0.1356780081987381,
                -0.9872471690177917,
                -0.08327487111091614,
                -0.15293370187282562,
                0.062175408005714417,
                -0.9862785935401917
            ],
            "cam_t_m2c": [
                14.773433685302734,
                62.5379753112793,
                234.3251190185547
            ],
            "obj_bb": [
                282,
                346,
                170,
                133
            ],
            "obj_id": 1
        },
        {
            "cam_R_m2c": [
                0.6450797319412231,
                -0.03190368413925171,
                -0.7634490132331848,
                0.7640858292579651,
                0.03571048378944397,
                0.6441255211830139,
                0.006713181734085083,
                -0.9988529086112976,
                0.04741325229406357
            ],
            "cam_t_m2c": [
                65.889404296875,
                61.26698684692383,
                257.9296569824219
            ],
            "obj_bb": [
                414,
                305,
                131,
                166
            ],
            "obj_id": 1
        },
        {
            "cam_R_m2c": [
                0.9717808365821838,
                -0.22556373476982117,
                0.0690147876739502,
                0.18234334886074066,
                0.9039380550384521,
                0.3868423104286194,
                -0.149642676115036,
                -0.3633415400981903,
                0.9195597171783447
            ],
            "cam_t_m2c": [
                15.746528625488281,
                -29.54808807373047,
                239.59999084472656
            ],
            "obj_bb": [
                273,
                94,
                178,
                131
            ],
            "obj_id": 1
        },
        {
            "cam_R_m2c": [
                -0.3219802677631378,
                -0.9265851974487305,
                0.19434179365634918,
                0.7112085819244385,
                -0.37221771478652954,
                -0.5963525772094727,
                0.6249088048934937,
                -0.053796231746673584,
                0.7788420915603638
            ],
            "cam_t_m2c": [
                24.357900619506836,
                26.62564468383789,
                267.5663757324219
            ],
            "obj_bb": [
                302,
                250,
                163,
                120
            ],
            "obj_id": 1
        },
        {
            "cam_R_m2c": [
                0.9619617462158203,
                -0.2050696611404419,
                0.18048839271068573,
                0.12985354661941528,
                0.9245164394378662,
                0.3583396077156067,
                -0.24034906923770905,
                -0.3212718963623047,
                0.9159785509109497
            ],
            "cam_t_m2c": [
                -60.76807403564453,
                -20.207273483276367,
                255.28919982910156
            ],
            "obj_bb": [
                137,
                97,
                85,
                182
            ],
            "obj_id": 1
        },
        {
            "cam_R_m2c": [
                -0.5978559851646423,
                -0.6902532577514648,
                0.40757670998573303,
                0.6459611058235168,
                -0.1137770265340805,
                0.7548437714576721,
                -0.4746605157852173,
                0.7145665287971497,
                0.5138989686965942
            ],
            "cam_t_m2c": [
                -89.67442321777344,
                -46.3748779296875,
                234.16990661621094
            ],
            "obj_bb": [
                0,
                71,
                150,
                101
            ],
            "obj_id": 1
        },
        {
            "cam_R_m2c": [
                -0.024363789707422256,
                -0.9110355973243713,
                -0.4116070568561554,
                0.9906466007232666,
                0.0332934707403183,
                -0.13232873380184174,
                0.13426002860069275,
                -0.41098111867904663,
                0.9017031192779541
            ],
            "cam_t_m2c": [
                -16.87384605407715,
                -83.67806243896484,
                247.08558654785156
            ],
            "obj_bb": [
                201,
                14,
                181,
                108
            ],
            "obj_id": 1
        },
        {
            "cam_R_m2c": [
                0.003928199876099825,
                -0.34622010588645935,
                -0.9381450414657593,
                0.9869285821914673,
                -0.1498047560453415,
                0.05941753461956978,
                -0.16111013293266296,
                -0.9261155724525452,
                0.3411060571670532
            ],
            "cam_t_m2c": [
                1.1725387573242188,
                65.4614028930664,
                264.1864318847656
            ],
            "obj_bb": [
                233,
                341,
                191,
                114
            ],
            "obj_id": 1
        },
        {
            "cam_R_m2c": [
                0.5756209492683411,
                -0.5366562008857727,
                -0.6169770359992981,
                0.663779079914093,
                -0.13398653268814087,
                0.7358294725418091,
                -0.47755399346351624,
                -0.833095371723175,
                0.2790956497192383
            ],
            "cam_t_m2c": [
                -85.694580078125,
                66.71570587158203,
                250.77101135253906
            ],
            "obj_bb": [
                42,
                255,
                138,
                188
            ],
            "obj_id": 1
        },
        {
            "cam_R_m2c": [
                0.5885061025619507,
                0.799193263053894,
                0.12227335572242737,
                -0.7521072030067444,
                0.5966549515724182,
                -0.27988874912261963,
                -0.29664018750190735,
                0.07275360822677612,
                0.9522140026092529
            ],
            "cam_t_m2c": [
                -92.86563873291016,
                21.112802505493164,
                252.67189025878906
            ],
            "obj_bb": [
                0,
                219,
                188,
                133
            ],
            "obj_id": 1
        },
        {
            "cam_R_m2c": [
                0.6210792660713196,
                -0.7370550036430359,
                -0.26647764444351196,
                0.7499675750732422,
                0.4601592719554901,
                0.475186288356781,
                -0.2276163101196289,
                -0.4949778914451599,
                0.8385627865791321
            ],
            "cam_t_m2c": [
                -21.62375831604004,
                43.86032485961914,
                288.2478332519531
            ],
            "obj_bb": [
                212,
                221,
                136,
                199
            ],
            "obj_id": 1
        },
        {
            "cam_R_m2c": [
                0.674730658531189,
                -0.731993556022644,
                -0.09446697682142258,
                0.7289703488349915,
                0.6409058570861816,
                0.24050351977348328,
                -0.11550259590148926,
                -0.2311386913061142,
                0.9660403728485107
            ],
            "cam_t_m2c": [
                -69.35285949707031,
                -71.61697387695312,
                258.1092834472656
            ],
            "obj_bb": [
                107,
                3,
                124,
                152
            ],
            "obj_id": 1
        },
        {
            "cam_R_m2c": [
                0.1788111925125122,
                -0.17092545330524445,
                -0.9689226150512695,
                0.8007214665412903,
                -0.5469750761985779,
                0.24426087737083435,
                -0.5717269778251648,
                -0.8195136785507202,
                0.03905844688415527
            ],
            "cam_t_m2c": [
                55.72735595703125,
                -1.4006727933883667,
                254.22105407714844
            ],
            "obj_bb": [
                364,
                181,
                173,
                128
            ],
            "obj_id": 1
        },
        {
            "cam_R_m2c": [
                0.005389649420976639,
                -0.990473210811615,
                -0.13760003447532654,
                0.999843955039978,
                0.0030227862298488617,
                0.017404217272996902,
                -0.01682247593998909,
                -0.1376723349094391,
                0.9903349280357361
            ],
            "cam_t_m2c": [
                142.9607391357422,
                -23.831281661987305,
                391.4335632324219
            ],
            "obj_bb": [
                478,
                157,
                159,
                86
            ],
            "obj_id": 1
        },
        {
            "cam_R_m2c": [
                0.933198094367981,
                -0.353662371635437,
                -0.06375034153461456,
                0.358493834733963,
                0.9285025596618652,
                0.09677349030971527,
                0.02496723085641861,
                -0.11316296458244324,
                0.9932626485824585
            ],
            "cam_t_m2c": [
                81.48886108398438,
                -101.91487884521484,
                390.5945129394531
            ],
            "obj_bb": [
                378,
                0,
                166,
                149
            ],
            "obj_id": 1
        },
        {
            "cam_R_m2c": [
                0.3304130434989929,
                0.5711116790771484,
                0.7514377236366272,
                0.7457258701324463,
                -0.6459892988204956,
                0.16306671500205994,
                0.5785500407218933,
                0.506487250328064,
                -0.6393359899520874
            ],
            "cam_t_m2c": [
                45.720001220703125,
                53.67048645019531,
                248.16339111328125
            ],
            "obj_bb": [
                386,
                278,
                79,
                202
            ],
            "obj_id": 1
        },
        {
            "cam_R_m2c": [
                0.9659304022789001,
                -0.17375415563583374,
                0.1918020248413086,
                0.10266854614019394,
                0.9375691413879395,
                0.33230018615722656,
                -0.23756618797779083,
                -0.30128687620162964,
                0.9234654903411865
            ],
            "cam_t_m2c": [
                64.18781280517578,
                -106.37218475341797,
                317.8030090332031
            ],
            "obj_bb": [
                367,
                0,
                148,
                78
            ],
            "obj_id": 1
        },
        {
            "cam_R_m2c": [
                -0.012299632653594017,
                0.9893221855163574,
                0.14522609114646912,
                -0.9997617602348328,
                -0.014787061139941216,
                0.01606089249253273,
                0.0180368609726429,
                -0.14499399065971375,
                0.9892681837081909
            ],
            "cam_t_m2c": [
                -121.16608428955078,
                -15.856623649597168,
                387.66168212890625
            ],
            "obj_bb": [
                69,
                129,
                96,
                167
            ],
            "obj_id": 1
        },
        {
            "cam_R_m2c": [
                -0.009333586320281029,
                0.9904158711433411,
                0.13780148327350616,
                -0.9997279644012451,
                -0.012187518179416656,
                0.019881224259734154,
                0.021370137110352516,
                -0.13757845759391785,
                0.9902603626251221
            ],
            "cam_t_m2c": [
                -105.50052642822266,
                6.655146598815918,
                378.7375793457031
            ],
            "obj_bb": [
                75,
                154,
                119,
                195
            ],
            "obj_id": 1
        },
        {
            "cam_R_m2c": [
                0.0019162972457706928,
                0.998231053352356,
                0.059421807527542114,
                0.9975576400756836,
                -0.00605719955638051,
                0.06958503276109695,
                0.06982187181711197,
                0.059143323451280594,
                -0.9958046078681946
            ],
            "cam_t_m2c": [
                -21.40038299560547,
                9.897126197814941,
                374.3560791015625
            ],
            "obj_bb": [
                204,
                154,
                128,
                206
            ],
            "obj_id": 1
        },
        {
            "cam_R_m2c": [
                0.1034817025065422,
                -0.9842786192893982,
                -0.14313359558582306,
                0.9946295619010925,
                0.10268086194992065,
                0.012990429997444153,
                0.001910872757434845,
                -0.1437091827392578,
                0.9896181225776672
            ],
            "cam_t_m2c": [
                105.335693359375,
                37.18798065185547,
                385.4762268066406
            ],
            "obj_bb": [
                424,
                216,
                167,
                165
            ],
            "obj_id": 1
        },
        {
            "cam_R_m2c": [
                -0.14238093793392181,
                0.45498159527778625,
                0.8790445923805237,
                0.9189251661300659,
                -0.2692754864692688,
                0.28821390867233276,
                0.36783716082572937,
                0.8488123416900635,
                -0.3797544538974762
            ],
            "cam_t_m2c": [
                -47.22004318237305,
                67.6805648803711,
                229.29281616210938
            ],
            "obj_bb": [
                95,
                356,
                201,
                114
            ],
            "obj_id": 1
        },
        {
            "cam_R_m2c": [
                0.27051931619644165,
                -0.9561203122138977,
                -0.11248619854450226,
                0.9200966358184814,
                0.22239305078983307,
                0.3224339187145233,
                -0.283269464969635,
                -0.1907227635383606,
                0.9398846626281738
            ],
            "cam_t_m2c": [
                -2.4832324981689453,
                -53.12230682373047,
                256.58795166015625
            ],
            "obj_bb": [
                232,
                67,
                200,
                90
            ],
            "obj_id": 1
        },
        {
            "cam_R_m2c": [
                -0.11181705445051193,
                -0.9679046273231506,
                -0.22507216036319733,
                0.9937085509300232,
                -0.10746710747480392,
                -0.031526148319244385,
                0.006326451897621155,
                -0.2271813005208969,
                0.9738319516181946
            ],
            "cam_t_m2c": [
                40.16386032104492,
                -17.37464714050293,
                348.4669494628906
            ],
            "obj_bb": [
                312,
                155,
                201,
                112
            ],
            "obj_id": 1
        },
        {
            "cam_R_m2c": [
                0.6143165826797485,
                0.6396552324295044,
                -0.46201327443122864,
                -0.5688852071762085,
                0.7647910118103027,
                0.3024306893348694,
                0.5467949509620667,
                0.07704435288906097,
                0.8337142467498779
            ],
            "cam_t_m2c": [
                -81.96749114990234,
                -53.40903854370117,
                304.0306701660156
            ],
            "obj_bb": [
                83,
                43,
                124,
                168
            ],
            "obj_id": 1
        },
        {
            "cam_R_m2c": [
                0.99703449010849,
                0.06515069305896759,
                -0.040960781276226044,
                -0.057573672384023666,
                0.9846547842025757,
                0.1647433340549469,
                0.05106537044048309,
                -0.16189652681350708,
                0.9854855537414551
            ],
            "cam_t_m2c": [
                -65.21659088134766,
                -138.54421997070312,
                391.0534362792969
            ],
            "obj_bb": [
                170,
                0,
                93,
                86
            ],
            "obj_id": 1
        },
        {
            "cam_R_m2c": [
                -0.08814071118831635,
                -0.9838031530380249,
                -0.15608593821525574,
                0.9960696697235107,
                -0.08842501789331436,
                -0.005134936422109604,
                -0.00875014066696167,
                -0.15592503547668457,
                0.9877301454544067
            ],
            "cam_t_m2c": [
                75.8037338256836,
                -26.539596557617188,
                373.434814453125
            ],
            "obj_bb": [
                366,
                140,
                205,
                109
            ],
            "obj_id": 1
        },
        {
            "cam_R_m2c": [
                -0.9988722801208496,
                0.042988911271095276,
                0.02015557885169983,
                -0.04468260332942009,
                -0.9946730136871338,
                -0.09289339184761047,
                0.01605483889579773,
                -0.09368917346000671,
                0.9954720735549927
            ],
            "cam_t_m2c": [
                100.20055389404297,
                140.16973876953125,
                393.88818359375
            ],
            "obj_bb": [
                428,
                389,
                97,
                91
            ],
            "obj_id": 1
        },
        {
            "cam_R_m2c": [
                0.17590180039405823,
                -0.9776244759559631,
                -0.1153649091720581,
                0.9843043088912964,
                0.17297299206256866,
                0.03500458598136902,
                -0.014266327023506165,
                -0.11971153318881989,
                0.992706298828125
            ],
            "cam_t_m2c": [
                64.5409927368164,
                -107.02824401855469,
                385.9775085449219
            ],
            "obj_bb": [
                348,
                0,
                199,
                125
            ],
            "obj_id": 1
        }
    ],
    "7597": [
        {
            "cam_R_m2c": [
                0.3188745379447937,
                0.9333048462867737,
                0.16510996222496033,
                -0.9477145075798035,
                0.3162691593170166,
                0.04255665838718414,
                -0.012500867247581482,
                -0.1700473427772522,
                0.9853566884994507
            ],
            "cam_t_m2c": [
                -175.88937377929688,
                -37.700138092041016,
                460.5811462402344
            ],
            "obj_bb": [
                0,
                122,
                144,
                104
            ],
            "obj_id": 1
        },
        {
            "cam_R_m2c": [
                -0.021752208471298218,
                -0.962074339389801,
                0.27191925048828125,
                0.9995814561843872,
                -0.026117540895938873,
                -0.012444600462913513,
                0.01907449960708618,
                0.2715347707271576,
                0.9622396230697632
            ],
            "cam_t_m2c": [
                -132.0270538330078,
                121.03534698486328,
                456.96124267578125
            ],
            "obj_bb": [
                87,
                366,
                154,
                102
            ],
            "obj_id": 1
        },
        {
            "cam_R_m2c": [
                -0.5307532548904419,
                0.8145279884338379,
                0.23419035971164703,
                -0.7096198797225952,
                -0.27600428462028503,
                -0.64827561378479,
                -0.46340110898017883,
                -0.5102605223655701,
                0.724495530128479
            ],
            "cam_t_m2c": [
                -116.5884017944336,
                -123.55992126464844,
                436.1959533691406
            ],
            "obj_bb": [
                61,
                12,
                152,
                127
            ],
            "obj_id": 1
        },
        {
            "cam_R_m2c": [
                -0.13064758479595184,
                -0.9268527030944824,
                0.35195910930633545,
                0.9884837865829468,
                -0.14911772310733795,
                -0.02576199173927307,
                0.07636092603206635,
                0.34454014897346497,
                0.935660719871521
            ],
            "cam_t_m2c": [
                -201.49900817871094,
                42.333168029785156,
                450.19561767578125
            ],
            "obj_bb": [
                0,
                260,
                131,
                101
            ],
            "obj_id": 1
        },
        {
            "cam_R_m2c": [
                -0.329384446144104,
                0.9399620294570923,
                0.08931592106819153,
                0.9423905611038208,
                0.33312737941741943,
                -0.03043435513973236,
                -0.05836072564125061,
                0.07414586842060089,
                -0.9955382347106934
            ],
            "cam_t_m2c": [
                -186.28346252441406,
                147.856689453125,
                463.2024841308594
            ],
            "obj_bb": [
                0,
                368,
                135,
                111
            ],
            "obj_id": 1
        },
        {
            "cam_R_m2c": [
                0.17567476630210876,
                -0.9840397834777832,
                0.02835938334465027,
                0.9791802763938904,
                0.17763841152191162,
                0.09823702275753021,
                -0.1017068400979042,
                0.010511189699172974,
                0.9947589039802551
            ],
            "cam_t_m2c": [
                64.96131134033203,
                61.06022644042969,
                401.4742126464844
            ],
            "obj_bb": [
                347,
                275,
                205,
                107
            ],
            "obj_id": 1
        },
        {
            "cam_R_m2c": [
                -0.9356788992881775,
                -0.2994209825992584,
                0.18668705224990845,
                -0.2724645435810089,
                0.9492827653884888,
                0.15692485868930817,
                -0.2242053896188736,
                0.095965676009655,
                -0.9698054194450378
            ],
            "cam_t_m2c": [
                -110.66065216064453,
                21.988840103149414,
                416.45062255859375
            ],
            "obj_bb": [
                117,
                150,
                110,
                190
            ],
            "obj_id": 1
        },
        {
            "cam_R_m2c": [
                0.3866152763366699,
                0.9029546976089478,
                0.18762023746967316,
                -0.913830578327179,
                0.3476657271385193,
                0.20986256003379822,
                0.12426728010177612,
                -0.2525891959667206,
                0.9595604538917542
            ],
            "cam_t_m2c": [
                15.060624122619629,
                -116.6998291015625,
                407.5189514160156
            ],
            "obj_bb": [
                217,
                0,
                197,
                104
            ],
            "obj_id": 1
        },
        {
            "cam_R_m2c": [
                -0.1797252744436264,
                -0.9722346067428589,
                -0.14986218512058258,
                0.901549220085144,
                -0.10183858871459961,
                -0.4205211102962494,
                0.39358338713645935,
                -0.21068638563156128,
                0.8948203921318054
            ],
            "cam_t_m2c": [
                154.471435546875,
                99.99378204345703,
                434.72760009765625
            ],
            "obj_bb": [
                476,
                359,
                163,
                71
            ],
            "obj_id": 1
        },
        {
            "cam_R_m2c": [
                0.7316135764122009,
                -0.6524741649627686,
                0.19753271341323853,
                0.6816893219947815,
                0.6974667310714722,
                -0.22099751234054565,
                0.006422698497772217,
                0.2963407337665558,
                0.9550607204437256
            ],
            "cam_t_m2c": [
                48.0620002746582,
                -1.2577859163284302,
                400.0953063964844
            ],
            "obj_bb": [
                335,
                116,
                179,
                181
            ],
            "obj_id": 1
        },
        {
            "cam_R_m2c": [
                0.9285595417022705,
                -0.25090593099594116,
                -0.27353861927986145,
                0.2795637249946594,
                0.9575191140174866,
                0.07071875780820847,
                0.2441747486591339,
                -0.1421380639076233,
                0.9592577815055847
            ],
            "cam_t_m2c": [
                149.01919555664062,
                -39.98474884033203,
                400.524658203125
            ],
            "obj_bb": [
                510,
                51,
                101,
                200
            ],
            "obj_id": 1
        },
        {
            "cam_R_m2c": [
                -0.4042033851146698,
                -0.9143447875976562,
                0.02436026930809021,
                -0.9085187315940857,
                0.4044263958930969,
                0.10503754019737244,
                -0.10589244961738586,
                0.020324796438217163,
                -0.9941699504852295
            ],
            "cam_t_m2c": [
                191.7393341064453,
                -127.55767822265625,
                398.9189758300781
            ],
            "obj_bb": [
                558,
                4,
                82,
                88
            ],
            "obj_id": 1
        },
        {
            "cam_R_m2c": [
                0.9277361035346985,
                0.2722345292568207,
                -0.25533121824264526,
                -0.07808006554841995,
                0.8105226755142212,
                0.5804795026779175,
                0.3649783134460449,
                -0.5185954570770264,
                0.7732073068618774
            ],
            "cam_t_m2c": [
                58.82817077636719,
                -112.61377716064453,
                353.2785949707031
            ],
            "obj_bb": [
                340,
                0,
                147,
                105
            ],
            "obj_id": 1
        },
        {
            "cam_R_m2c": [
                0.19847214221954346,
                0.9612502455711365,
                0.19132886826992035,
                0.8576903343200684,
                -0.2648131251335144,
                0.4407281279563904,
                0.4743163287639618,
                0.07662869989871979,
                -0.8770131468772888
            ],
            "cam_t_m2c": [
                10.161852836608887,
                118.15369415283203,
                401.1593017578125
            ],
            "obj_bb": [
                224,
                374,
                176,
                94
            ],
            "obj_id": 1
        },
        {
            "cam_R_m2c": [
                -0.3527088761329651,
                -0.9091224074363708,
                -0.22156910598278046,
                0.9224561452865601,
                -0.2980695366859436,
                -0.2454165816307068,
                0.15707072615623474,
                -0.29094836115837097,
                0.9437572956085205
            ],
            "cam_t_m2c": [
                -93.16354370117188,
                -53.35555648803711,
                447.7411804199219
            ],
            "obj_bb": [
                128,
                124,
                175,
                102
            ],
            "obj_id": 1
        },
        {
            "cam_R_m2c": [
                0.9808458685874939,
                0.19199486076831818,
                0.03285405784845352,
                -0.1487719714641571,
                0.6295381188392639,
                0.7625933289527893,
                0.12573114037513733,
                -0.7528741955757141,
                0.6460433006286621
            ],
            "cam_t_m2c": [
                -22.482601165771484,
                5.610396862030029,
                411.37921142578125
            ],
            "obj_bb": [
                232,
                151,
                97,
                158
            ],
            "obj_id": 1
        },
        {
            "cam_R_m2c": [
                -0.9969940185546875,
                -0.0736701712012291,
                0.02399371564388275,
                0.07372608780860901,
                -0.997277557849884,
                0.001452803611755371,
                0.02382136881351471,
                0.0032173991203308105,
                0.9997110962867737
            ],
            "cam_t_m2c": [
                -52.84355163574219,
                35.30393981933594,
                363.9976501464844
            ],
            "obj_bb": [
                178,
                227,
                102,
                196
            ],
            "obj_id": 1
        },
        {
            "cam_R_m2c": [
                0.5086392760276794,
                0.8560003638267517,
                -0.09246446192264557,
                -0.7847868204116821,
                0.505115807056427,
                0.3591209053993225,
                0.3541128635406494,
                -0.11009810864925385,
                0.9286993741989136
            ],
            "cam_t_m2c": [
                137.9608612060547,
                -111.44503021240234,
                435.9349365234375
            ],
            "obj_bb": [
                401,
                0,
                178,
                122
            ],
            "obj_id": 1
        },
        {
            "cam_R_m2c": [
                0.31435471773147583,
                0.8175019025802612,
                -0.4825679063796997,
                -0.4443669021129608,
                0.5759245753288269,
                0.6861844062805176,
                0.8388797640800476,
                -0.0012681186199188232,
                0.5443153381347656
            ],
            "cam_t_m2c": [
                87.01028442382812,
                116.78058624267578,
                360.4073181152344
            ],
            "obj_bb": [
                360,
                389,
                196,
                89
            ],
            "obj_id": 1
        },
        {
            "cam_R_m2c": [
                -0.02082492783665657,
                0.9967998266220093,
                0.07717899978160858,
                0.9983293414115906,
                0.02489408105611801,
                -0.05214215815067291,
                -0.05389660596847534,
                0.07596421241760254,
                -0.9956528544425964
            ],
            "cam_t_m2c": [
                -153.76454162597656,
                85.47157287597656,
                446.75616455078125
            ],
            "obj_bb": [
                9,
                314,
                166,
                84
            ],
            "obj_id": 1
        },
        {
            "cam_R_m2c": [
                0.0792245864868164,
                -0.9487056136131287,
                -0.30607372522354126,
                -0.9727886915206909,
                -0.006515487562865019,
                -0.23160269856452942,
                0.21772857010364532,
                0.31609368324279785,
                -0.923406183719635
            ],
            "cam_t_m2c": [
                89.16728973388672,
                -3.7464487552642822,
                383.4278564453125
            ],
            "obj_bb": [
                395,
                195,
                186,
                83
            ],
            "obj_id": 1
        },
        {
            "cam_R_m2c": [
                0.5912877917289734,
                -0.6664853692054749,
                -0.4540659785270691,
                0.6197139620780945,
                0.7358048558235168,
                -0.27303075790405273,
                0.516075074672699,
                -0.1199512779712677,
                0.8481026887893677
            ],
            "cam_t_m2c": [
                140.3312530517578,
                30.69766616821289,
                382.271240234375
            ],
            "obj_bb": [
                487,
                191,
                153,
                161
            ],
            "obj_id": 1
        },
        {
            "cam_R_m2c": [
                0.5320338010787964,
                -0.7939415574073792,
                -0.2942734658718109,
                0.7573217749595642,
                0.6016306281089783,
                -0.25397706031799316,
                0.3786868453025818,
                -0.08773533999919891,
                0.9213570952415466
            ],
            "cam_t_m2c": [
                -42.405452728271484,
                91.00965881347656,
                372.23419189453125
            ],
            "obj_bb": [
                181,
                325,
                156,
                117
            ],
            "obj_id": 1
        }
    ],
    "7598": [
        {
            "cam_R_m2c": [
                -0.8268910050392151,
                0.5547917485237122,
                0.0919657051563263,
                -0.5575531721115112,
                -0.8301242589950562,
                -0.005324661731719971,
                0.07338890433311462,
                -0.05567869544029236,
                0.995747983455658
            ],
            "cam_t_m2c": [
                -165.28863525390625,
                -108.49998474121094,
                455.39984130859375
            ],
            "obj_bb": [
                6,
                30,
                139,
                167
            ],
            "obj_id": 1
        },
        {
            "cam_R_m2c": [
                0.15689489245414734,
                -0.9747741222381592,
                0.15874247252941132,
                -0.04980164021253586,
                -0.16833734512329102,
                -0.984470546245575,
                0.9863587617874146,
                0.14655277132987976,
                -0.07495664805173874
            ],
            "cam_t_m2c": [
                165.03201293945312,
                -67.8536148071289,
                429.1816101074219
            ],
            "obj_bb": [
                500,
                109,
                140,
                80
            ],
            "obj_id": 1
        },
        {
            "cam_R_m2c": [
                -0.6367940306663513,
                0.7683467864990234,
                0.06431443989276886,
                0.7702298164367676,
                0.6301047801971436,
                0.09855914115905762,
                0.035202741622924805,
                0.11229875683784485,
                -0.9930506944656372
            ],
            "cam_t_m2c": [
                -64.0672378540039,
                57.799137115478516,
                311.4710693359375
            ],
            "obj_bb": [
                68,
                206,
                195,
                223
            ],
            "obj_id": 1
        },
        {
            "cam_R_m2c": [
                -0.31071415543556213,
                -0.2969212234020233,
                0.902936577796936,
                0.35822367668151855,
                -0.9164897203445435,
                -0.1781078279018402,
                0.8804161548614502,
                0.2681126594543457,
                0.39113056659698486
            ],
            "cam_t_m2c": [
                -216.3813934326172,
                114.55254364013672,
                448.9873352050781
            ],
            "obj_bb": [
                0,
                323,
                57,
                157
            ],
            "obj_id": 1
        },
        {
            "cam_R_m2c": [
                0.8381053805351257,
                0.3381075859069824,
                -0.4280919134616852,
                -0.28840214014053345,
                0.9407471418380737,
                0.17837843298912048,
                0.46303731203079224,
                -0.0260373055934906,
                0.8859562277793884
            ],
            "cam_t_m2c": [
                190.6609649658203,
                -78.73713684082031,
                443.6244201660156
            ],
            "obj_bb": [
                527,
                17,
                94,
                174
            ],
            "obj_id": 1
        },
        {
            "cam_R_m2c": [
                0.7777587175369263,
                -0.6273928880691528,
                -0.03833537548780441,
                -0.6285099387168884,
                -0.7754520773887634,
                -0.06041070818901062,
                0.00817398726940155,
                0.07107912003993988,
                -0.9974371194839478
            ],
            "cam_t_m2c": [
                0.6674270629882812,
                -114.86304473876953,
                378.9397888183594
            ],
            "obj_bb": [
                265,
                0,
                167,
                196
            ],
            "obj_id": 1
        },
        {
            "cam_R_m2c": [
                0.5971847176551819,
                0.8010051250457764,
